.Random.seed <-
c(403L, 576L, -1879650532L, -1635190432L, -155217445L, -250324032L, 
924223367L, -1040112643L, 798628982L, -1084540035L, -340355638L, 
337779174L, 220299329L, -922699218L, -1876470999L, 952455463L, 
715931112L, -865753041L, -659668488L, 856819156L, -1518387825L, 
-647004588L, 1120136499L, 55174257L, 971439034L, -1165582383L, 
834130430L, -440346942L, -688353507L, 905065978L, -930947683L, 
1618496355L, -1810929116L, 552532219L, 425835204L, 1220383976L, 
-1010456813L, 1812018136L, -1395219729L, -78307835L, -545285106L, 
977246053L, -324745198L, -2143745122L, 712333241L, 1289102854L, 
1289232865L, 922146159L, 965834352L, -1116520057L, -1737770832L, 
1723087724L, -1481372521L, -411981604L, 600959915L, 785989001L, 
79450018L, -1190280311L, -624152490L, -687893549L, -346182911L, 
-1699585740L, 2127481878L, -266369520L, 2145493570L, -729090949L, 
-2054005223L, -1042173123L, 1567537659L, 608817458L, -1858618200L, 
1050801666L, 1602917500L, 651475497L, 1165694443L, 81212167L, 
1777263917L, 389098768L, -1934978542L, 1058115076L, -495353314L, 
-680210097L, -783287531L, 785712705L, 106833783L, 51303390L, 
517221460L, -1756759114L, 1538519944L, 1437738557L, -611251273L, 
270248635L, 2064298809L, 1332360204L, 1829576334L, 1424666824L, 
744076442L, 1214631011L, 497605841L, -1599174907L, -1398341565L, 
-150455558L, -13889808L, -1271290742L, 2019320628L, -1608482239L, 
-737368157L, -1646168177L, -755832731L, 408969224L, -1128292822L, 
-1349105380L, -705188714L, -1910519273L, -889926419L, 699914601L, 
931867743L, 1921583110L, -1330556068L, 615611614L, -408005312L, 
-1386088267L, 1057197679L, 1451283363L, -475106703L, 826854244L, 
2041841702L, -1129729952L, -1938580558L, 173215883L, -1003402295L, 
-1248598035L, 2029969259L, 53366978L, -535640872L, 999655730L, 
185851852L, 27671097L, -633396101L, 1027015447L, -511390339L, 
-1500659808L, 1518282786L, -1215558892L, 937454030L, -1485452833L, 
-387701563L, -640602927L, -1371901561L, 2121332046L, 1185862340L, 
-828324954L, 1102663800L, 124966669L, 2070006247L, -1184237365L, 
1442508457L, 1765188156L, -150146338L, -1022479912L, 834891850L, 
362731315L, -1523621183L, 1438069813L, 874066739L, -428424374L, 
160947488L, 1894101242L, -1213527740L, 1148928785L, -580505741L, 
941417247L, 1218371317L, -1466776040L, 390180026L, 1591675500L, 
979577990L, 735776615L, -1488646563L, 2118806073L, 1515018927L, 
-75748042L, -1881346164L, 1654293646L, -1399048464L, -1222402363L, 
1995067551L, -2103293837L, -1812404319L, -533414316L, -236252682L, 
1466101680L, -28552734L, -773782117L, -1545482631L, -2077076259L, 
703189531L, -1467522286L, 1432627848L, 1959419938L, -1653863076L, 
-1573767799L, 967300491L, 201580839L, -1280210931L, 1074542704L, 
281259250L, -726830044L, 893354942L, 1517054703L, -1350195339L, 
605859745L, -405389097L, 1506748606L, -1335345484L, -242144874L, 
1195934184L, 488585885L, -1541031337L, -731472805L, -695109287L, 
-1356056788L, -92601170L, -1197716120L, 2061810810L, -784540541L, 
-1311699407L, 1651542181L, -1115553117L, -1500711654L, -443687152L, 
-1731413782L, -1440716396L, 534881697L, -667005885L, 1842028783L, 
-1283225019L, -899322776L, 876102666L, 262084092L, -449640906L, 
-243020553L, 435807245L, 58090953L, -1191294081L, -1117486938L, 
81323068L, -1399490754L, -279420640L, 872260437L, 1436420239L, 
1329755459L, -1960324719L, 1702989060L, -638208122L, -638029184L, 
1385744210L, -100008021L, 1817185705L, -1519149555L, 489006603L, 
1637900450L, 1276976056L, -373903406L, 875201452L, -332544103L, 
-64180069L, -708569033L, 1578051165L, -194738944L, -1036001406L, 
1416825652L, 2119414894L, 2071899519L, 321871013L, 1139088817L, 
-1987132313L, -1412418642L, 175692708L, -1292617594L, -890941864L, 
8364013L, 1602624007L, 1611813355L, -2060540599L, -1745786788L, 
-628146105L, -214910948L, -1580775972L, 300182688L, -1683563574L, 
634145611L, -1704525941L, -394419457L, -1250795699L, 1867047914L, 
1468910758L, -1776473682L, 1604005788L, 1730705285L, 350124881L, 
2000228553L, 1046612011L, 1269870256L, 766314216L, -579451060L, 
15772814L, -575769473L, -277043329L, -1082759765L, 1566505385L, 
1857709030L, 1958253706L, 14685074L, -1384953368L, 601520657L, 
1096367389L, -1049497107L, 1499237535L, 1521030628L, 78403844L, 
1245468920L, 1850660962L, 62810387L, 574443187L, 657323447L, 
-1565973963L, -2052795486L, -175436946L, -515957210L, -1775501804L, 
1705542285L, -1427820327L, -2011715535L, -2020768493L, -1943225592L, 
1491868608L, -536297644L, -95378218L, -220250441L, -1479271273L, 
-1144509197L, 178315201L, 1904817678L, 540726690L, -146701094L, 
245087152L, -8579351L, -1171059723L, 1345750597L, 1504760407L, 
-1259464948L, 624352716L, 637563824L, -663878182L, -90891653L, 
1852044731L, -729588721L, -248943523L, 251474586L, 413816086L, 
-1709243714L, 1851190732L, 1532377109L, 841282753L, -1015686503L, 
447413179L, -1708335168L, -446418568L, 16181756L, -644153538L, 
2082932271L, -732219953L, -1324249957L, -1810066951L, -1462756746L, 
939022970L, 1425366498L, -991529000L, 1075029889L, 675018125L, 
18773085L, -497687345L, 1578846836L, 2066777300L, -1059398872L, 
-186604526L, 565237155L, 86659203L, -1995268505L, 876545189L, 
1254032626L, -1039829954L, 588480854L, 1784262628L, -483141379L, 
1532825641L, -1887647391L, 1554754691L, 812916408L, -1784695440L, 
223710948L, 972357414L, 212234695L, 600602375L, -121680701L, 
567742065L, 73455038L, -1678114766L, -226409206L, 1042052544L, 
-84509191L, -1033538043L, 1004614037L, -26040473L, -1067378884L, 
-1711623236L, -773085504L, 956011050L, -558434133L, -2073987285L, 
-323824417L, -560110291L, 125734346L, -1512944442L, 1663872334L, 
2013089148L, -230797083L, -683506191L, 799163305L, 479758219L, 
-1715081200L, 292723144L, 411350764L, -839097938L, 1267197279L, 
1078799519L, -1810367285L, 738923721L, -1676788346L, 1316283050L, 
-772104654L, -474448824L, 1219982193L, 1215328637L, -260613811L, 
-1173354049L, -1641235708L, -597793564L, -905842600L, -742987966L, 
1405780275L, -1734559469L, -248385833L, 267978069L, 1366489793L, 
-1500624068L, -529219075L, 1950693330L, 845764999L, 662216054L, 
-1919349987L, -1512378458L, 1768260849L, -615002376L, 1431252277L, 
-1135056122L, 492237263L, -1079191862L, 1195646545L, -2077537754L, 
730560937L, -420668996L, 1469783581L, 588161482L, 901485103L, 
1619574630L, 1791166653L, -1283725226L, 1695029009L, 1061651240L, 
-1544481859L, 1628831262L, -632034321L, -887224998L, 363336577L, 
616506478L, -186588287L, 626112940L, 212442397L, 1691035026L, 
-1995617609L, -1752104362L, -1355614787L, 1662742246L, -776145839L, 
-947406488L, -415315275L, -1730780826L, -1144089713L, 2016170826L, 
1479813153L, -1169009738L, 1555511721L, -1613935556L, 1021048909L, 
699402826L, 827761087L, 3636662L, 1272240173L, -1755406522L, 
1467404769L, -539199928L, -1721338876L, 1745539482L, 1708240649L, 
1243746201L, -2020574550L, -525232128L, 838811033L, -2117487671L, 
-1392593808L, -731475742L, -393442011L, -1979273271L, 1655336082L, 
-323851876L, -414814603L, 1186981705L, 1855310468L, -340625030L, 
-755169631L, -2131928703L, 1074764066L, 1587420608L, 972102937L, 
-706570527L, 2021756984L, -1878299614L, -595181099L, 191191697L, 
-959041078L, -897160588L, -2009706579L, -231219727L, 1544952980L, 
-1041490646L, -1305043415L, 1446745593L, 921615450L, -1482283328L, 
-1949503895L, 729835721L, -799164512L, 99663314L, 437752261L, 
-849055783L, -712994334L, -742488116L, 2016408453L, -1047038135L, 
-44717484L, 2055915402L, -202740399L, -1545347215L, -652290590L, 
1479006528L, 1150879465L, -940044591L, 1295666360L, -1983229518L, 
-1307431115L, -1914625583L, 1397221258L, 1670585268L, 1654559629L, 
621449185L, 2351908L, 1820929498L, -492226391L, 1836414489L, 
-469026806L, 444722656L, -905750471L, -1040388983L, -453680624L, 
-996797630L, -603932955L, -629121079L, 1613968754L, -2033399748L, 
-958962859L, -192233943L, 1472490788L, 1538453530L, 1423271137L, 
1182845473L, -495680062L, -2075279840L, 1179172537L, -1047615583L, 
-2052985352L, 452221922L, -1907860331L, 1340557745L, -1251435638L, 
